 0.009982716999729746
 0.002458788999774697
 0.0026150769999730983
 0.0022695140000905667
 0.0021521920002669503
 0.0021325279999473423
 0.0018336779999117425
 0.001789910000297823
 0.001767395000115357
 0.0018053480002890865
 0.011273304000042117
 0.00194396900042193
 0.0019465029999992112
 0.002027836999786814
 0.001956446999884065
 0.0018843620000552619
 0.00202136900043115
 0.0019129510001221206
 0.0019917800000257557
 0.0019578369997361733
 0.09885429799987833
 0.0020835999998780608
 0.002768850999927963
 0.0019330850000187638
 0.0017879500001072302
 0.0017841190001490759
 0.0021065659998384945
 0.0018237489998682577
 0.0017544730003464792
 0.0019418120000409544
 1.6389971309999964
 0.0024390429998675245
 0.002760203999969235
 0.0026064349999614933
 0.002600454000003083
 0.0024880709997887607
 0.0027791180000349414
 0.002841233000253851
 0.002737648999755038
 0.002443401000164158
