0.00402758400014136
0.0011810709997917002
0.0011871619999510585
0.0011582039996937965
0.0012025139999423118
0.0011650619999272749
0.001323919000242313
0.0011855269999614393
0.0011965879998570017
0.0011871240003529238
0.0027200409999750264
0.001388995000070281
0.0013150350000614708
0.0012486780001381703
0.0012868610001532943
0.0013209040002948313
0.0013091529999655904
0.002125491999777296
0.0013139580000824935
0.0013204689998929098
0.01617947499971706
0.002746722000210866
0.002773123999759264
0.0027607970000644855
0.00273987099990336
0.002735526999913418
0.0027773760002673953
0.0027362040000298293
0.002726018999965163
0.002796258999751444
0.18935622399976637
0.021309015000042564
0.023006024999631336
0.019794555000316905
0.01990522599999167
0.02027498099960212
0.020123846999922534
0.019588822000059736
0.02030172299964761
0.019696266999744694
2.140802094999799
0.2585995929998717
0.3136510280000948
0.32954828499987343
0.3215774549998969
0.3290633540000272
0.3209523299997272
0.27425396999979057
0.32771841199974006
0.3209499440004038
