 0.0021198959998400824
 0.0024643619999551447
 0.0022590800003854383
 0.0021206880001045647
 0.002076787000078184
 0.002133052000317548
 0.002131503999862616
 0.0021545719996538537
 0.002086900999984209
 0.0023607429998264706
 0.010206979000031424
 0.009659331999955612
 0.00999966300014421
 0.009477875999891694
 0.009297785000399017
 0.010002421000081085
 0.009405546999914804
 0.009402407000379753
 0.00921375200005059
 0.009383965000324679
 0.09478233500021815
 0.09480218399994556
 0.09052751199988052
 0.09519146100001308
 0.09477000600008978
 0.09934710600009566
 0.10105109699998138
 0.09793359800005419
 0.0988290479999705
 0.09765788499998962
 1.5576625469998362
 1.5522654749997855
 1.522633403999862
 1.4947500739999668
 1.5230994520002241
 1.5478249829998276
 1.5507562289999441
 1.5712154060001922
 1.593816288999733
 1.5689039949998005
 32.10253671400005
 32.23874886800013
 31.38133906699977
 31.055404470999747
 30.5423865759999
 31.581883217999803
 31.41938197599984
