1.8779000129143242e-05
1.8530000033933902e-05
1.9035999685002025e-05
1.812900018194341e-05
1.864099976955913e-05
1.842300025600707e-05
1.8404000002192333e-05
2.6391999654151732e-05
1.938900004461175e-05
1.8327999896428082e-05
8.698400006323936e-05
8.191599999918253e-05
7.934299992484739e-05
8.001100013643736e-05
8.152200007316424e-05
7.904600033725728e-05
8.403199990425492e-05
8.361600021089544e-05
7.898300009401282e-05
7.747700010440894e-05
0.0008382470000469766
0.0008419710002272041
0.0009006340001178614
0.0008898000000954198
0.0008447850000266044
0.0008534630001122423
0.0008422900000368827
0.0008873830001903116
0.0008437799997409456
0.0008410089999415504
0.011256418000357371
0.010723182000219822
0.011207114000171714
0.010857412999939697
0.010615678999783995
0.012317279999933817
0.011088286999893171
0.011969038000188448
0.01146527499986405
0.012855581000167149
0.14990555099984704
0.1682764560000578
0.16656530999989627
0.14840326400008053
0.1487048600001799
0.17683268600012525
0.17580317800002376
0.1495735569997123
0.14954716600004758
0.14567457299972375
