316.654968977
949.666043043
450.615182877
592.719768047
1340.48272681
0.000216960906982
738.151360035
914.106755972
0.000183820724487
0.000324010848999
0.000187158584595
0.000180006027222
0.000184059143066
0.000172853469849
0.000303030014038
0.00018310546875
0.000188827514648
0.000180006027222
2107.82625198
0.000242948532104
0.000174045562744
0.000278949737549
0.000213146209717
0.000303983688354
0.000176906585693
0.000182867050171
0.000284910202026
0.00017786026001
0.000286817550659
0.000170946121216
0.000183820724487
0.000281810760498
0.000180006027222
0.000280141830444
0.000170946121216
0.000293970108032
0.00033712387085
0.000170946121216
0.000284910202026
0.000186204910278
0.000174999237061
0.00028395652771
0.000174999237061
0.000286102294922
0.000172138214111
0.000180006027222
0.000291109085083
0.00017786026001
0.000289916992188
0.000177145004272
0.000175952911377
0.000286102294922
0.000176906585693
0.000292062759399
0.000207901000977
0.000171899795532
0.000329971313477
0.00017786026001
0.000288009643555
0.000171899795532
