True
False
True
True

False
False
True
True
8.60863494873
22.3870148659
55.4944689274
186.243658066
True
0.000309228897095
0.000312089920044
0.00124096870422
0.014543056488
0.000319004058838
0.000698804855347
0.000663995742798
0.0094850063324
0.000420093536377
0.00767207145691
632.804286957
0.00029993057251
0.000329971313477
0.000311851501465
0.000311851501465
0.000539064407349
0.000313997268677
0.000314950942993
0.000472068786621
0.000319004058838
0.000622987747192
0.00030779838562
0.000308990478516
0.000310897827148
0.000320911407471
0.000555038452148
8.28024291992
21.2018408775
59.792757988
179.185758114
594.075122118
0.000487804412842
0.00031304359436
0.00031590461731
0.000316858291626
0.000668048858643
0.000314950942993
0.000334978103638
0.000335931777954
0.000317096710205
0.000319004058838
0.00031304359436
0.000355958938599
0.000319004058838
0.000312089920044
0.00031590461731
