



















351.19662118
124.419726133
124.185906887
123.199440002
124.590383053
124.121308088
125.08869195
124.524854898
124.492735863
123.266602993
127.046226978
124.832967043
123.332443953
124.068020105
123.763174057
123.062711




















358.274981976



32.6569709778
53.5232000351
74.1029260159
94.2409181595
114.684278965
32.8828258514
53.5077118874
73.9919729233
94.4432151318
114.619773149
32.5988311768
53.0100250244
73.9300820827
94.3735339642
114.638707876
32.7434589863
53.1782689095
74.1854441166
95.0138301849
115.67723012
