88.6057429314
290.613546848
758.860522032
459.953754902
1133.17109799
1130.08811092
5.03549289703
43.4172580242
2252.13769484
15.0501580238
155.942829132
131.118448973
2254.90514088
15.218337059
385.228780985
131.524182796
462.818354845
14.9219942093
461.095525026
130.281651974
770.121687889
5.11675596237
45.4054410458
157.416008949
464.848836899
1143.32505488
385.654699802
1152.30972791
791.589423895
1121.86725998
1593.35419202
7.35821795464
66.7528469563
1422.22078204
8.02864003181
67.9213650227
240.551860094
1187.67574
8.22410583496
242.38362813
68.5990869999
244.579694986
603.599956036
603.010189056
601.868808031
1204.62842321
7.68792700768
69.0044178963
1199.08075404
8.00826001167
68.3662209511
241.565151215
1185.26520681
7.80193114281
238.388965845
67.0250468254
239.50760293
593.648413897
596.646121979
583.08592701
1153.91174603
1091.296453
998.397958994
5.02041506767
43.1508800983
152.001769066
370.335472822
751.875049829
